0.68721972 0.68740419 0.68794559 0.68964067 0.69100421 0.6913833
 0.68884946 0.68888849 0.68891582 0.69053618 0.69362805 0.69316957
 0.69293888 0.69329338 0.69251662 0.6930327  0.6951977  0.69625473
 0.6962417  0.69611221 0.69709938 0.69924786 0.69987949 0.70097224
 0.70092971 0.70046237 0.69956261 0.69767392 0.69612676 0.69532801
 0.69499391 0.69372479 0.69296835 0.69319424 0.69401819 0.69403264
 0.69360436 0.69133062 0.69001688 0.68743131 0.68716184 0.68856124
 0.68939291 0.69298287 0.69632608 0.69749942 0.69857788 0.70071793
 0.70232645 0.7046527  0.70655904 0.70686089 0.70483839 0.70126198
 0.69675985 0.69501157 0.69387286 0.69309581 0.69321418 0.6929429
 0.69144067 0.68942026 0.68955013 0.69076486 0.69255178 0.69350199
 0.69446733 0.69679121 0.69720422 0.6944044  0.6938343  0.69624527
 0.69894255 0.70055227 0.70024379 0.69878339 0.69946963 0.69999216
 0.7017861  0.70128064 0.69809388 0.69658447 0.69592727 0.69546275
 0.69493299 0.69524522 0.69435738 0.69139964 0.6890144  0.68981841
 0.69065601 0.69020304 0.69038308 0.69274869 0.69354028 0.69607647
 0.69609657 0.69707471 0.70060911 0.70293341