0.68310976 0.6894265  0.69474191 0.6989999  0.70165076 0.70401113
 0.70753954 0.71250418 0.7154749  0.71899932 0.72335733 0.72474724
 0.727193   0.72666289 0.72397275 0.72205438 0.72105373 0.72052643
 0.71987503 0.71876436 0.72004361 0.72034603 0.72097314 0.72237674
 0.72346978 0.72399289 0.72216566 0.71872787 0.71309318 0.70909717
 0.70789549 0.70733117 0.70901268 0.70943409 0.7088202  0.70847864
 0.71056526 0.71341396 0.71572136 0.71702943 0.71664423 0.71632167
 0.71998387 0.72108861 0.71984699 0.7205904  0.71947424 0.71784475
 0.71751693 0.71869973 0.71916291 0.71884881 0.71701765 0.71315817
 0.71183664 0.71093597 0.70971618 0.7084621  0.71041146 0.71075388
 0.70935973 0.70847459 0.70995959 0.71462706 0.72010268 0.72390283
 0.72477087 0.72602367 0.72985064 0.73115758 0.73036981 0.73121136
 0.73241005 0.73428957 0.73472477 0.73424098 0.73547854 0.737421
 0.74009469 0.741505   0.7423656  0.74227765 0.74134751 0.73958572
 0.73686039 0.73367488 0.73245051 0.7317824  0.73267994 0.73356262
 0.73313909 0.73565226 0.73686194 0.73943972 0.74026877 0.74072294
 0.73769847 0.73416072 0.72909661 0.72084635