 0.43606132 0.43721337 0.44164894 0.44327432 0.43777654 0.43301007
 0.42845251 0.42504645 0.42501209 0.4262773  0.42771168 0.42593437
 0.42542712 0.42592879 0.4250415  0.42913964 0.43023656 0.42974334
 0.4314368  0.4311198  0.43035866 0.43115813 0.43101468 0.43392526
 0.43672448 0.43715134 0.43605589 0.43650262 0.43760351 0.43959543
 0.44000683 0.43839278 0.43666101 0.43603013 0.43618615 0.43545228
 0.43324156 0.4303503  0.43088333 0.43126314 0.43178485 0.43446367
 0.43693323 0.43827679 0.43705761 0.43547061 0.43456284 0.43240374
 0.43225234 0.43402066 0.43486627 0.43280639 0.43167001 0.43140181
 0.42945365 0.42861334 0.43017965 0.43175525 0.4349901  0.43476416
 0.43411865 0.43608241 0.43716933 0.44127229 0.44475373 0.44719146
 0.44698381 0.44746099 0.44902656 0.44606114 0.44120988 0.43983448
 0.44095806 0.44055388 0.44258369 0.44441235 0.44409696 0.44312955
 0.44120188 0.43918588 0.43523548 0.43294913 0.43321789 0.43675485
 0.44011971 0.44112256 0.4391251  0.44068064 0.44424411 0.44618845
 0.44603085 0.44431525 0.45067412 0.45756849 0.45625921 0.45453216
 0.45244411 0.45108433 0.44976265 0.44869185